6
NC_002163.1_1049            0.0000000 0.9070611 0.8896742 0.8988637 1.0282434 1.0120497 
NC_009714.1_1014            0.9070611 0.0000000 0.5712113 0.5728957 0.7680605 0.7353657 
Campylobacter_noahi_650     0.8896742 0.5712113 0.0000000 0.0253642 0.4860765 0.4699210 
Campylobacter_stinkeris_425 0.8988637 0.5728957 0.0253642 0.0000000 0.4953199 0.4782983 
NZ_CP012196.1_941           1.0282434 0.7680605 0.4860765 0.4953199 0.0000000 0.4523373 
Campyloabacter_freddy_787   1.0120497 0.7353657 0.4699210 0.4782983 0.4523373 0.0000000 
