6
NC_002163.1_1600            0.0000000 1.9030417 1.7023293 1.3744859 1.5189329 1.5224300 
NZ_CP012196.1_1479          1.9030417 0.0000000 0.5793027 1.0431134 1.0797252 1.1059240 
Campyloabacter_freddy_1020  1.7023293 0.5793027 0.0000000 1.1111932 1.0635876 1.0585380 
NC_009714.1_727             1.3744859 1.0431134 1.1111932 0.0000000 0.7185925 0.7265455 
Campylobacter_stinkeris_238 1.5189329 1.0797252 1.0635876 0.7185925 0.0000000 0.1066482 
Campylobacter_noahi_822     1.5224300 1.1059240 1.0585380 0.7265455 0.1066482 0.0000000 
