6
NC_002163.1_977             0.0000000 0.3922100 0.4334419 0.4341621 0.4699582 0.4333153 
NC_009714.1_1143            0.3922100 0.0000000 0.3483035 0.3466066 0.3330671 0.3469133 
Campylobacter_stinkeris_306 0.4334419 0.3483035 0.0000000 0.0137969 0.2789863 0.2286260 
Campylobacter_noahi_763     0.4341621 0.3466066 0.0137969 0.0000000 0.2778961 0.2231863 
NZ_CP012196.1_1629          0.4699582 0.3330671 0.2789863 0.2778961 0.0000000 0.2108034 
Campyloabacter_freddy_1214  0.4333153 0.3469133 0.2286260 0.2231863 0.2108034 0.0000000 
