6
NC_002163.1_341              0.0000000 1.2677725 1.1472738 0.9440224 0.9407101 1.0155262 
NC_009714.1_1630             1.2677725 0.0000000 0.8607602 0.8632352 0.8799487 0.8746517 
NZ_CP012196.1_2129           1.1472738 0.8607602 0.0000000 0.5392012 0.5367230 0.5080112 
Campylobacter_stinkeris_1465 0.9440224 0.8632352 0.5392012 0.0000000 0.0066583 0.1504778 
Campylobacter_noahi_1107     0.9407101 0.8799487 0.5367230 0.0066583 0.0000000 0.1593446 
Campyloabacter_freddy_1436   1.0155262 0.8746517 0.5080112 0.1504778 0.1593446 0.0000000 
