6
NC_002163.1_1177            0.0000000 1.1303248 1.0794290 1.0726024 1.2325900 1.3109811 
NC_009714.1_893             1.1303248 0.0000000 0.7410521 0.7469137 0.8052857 1.0129182 
Campylobacter_stinkeris_632 1.0794290 0.7410521 0.0000000 0.0094126 0.5701950 0.7254777 
Campylobacter_noahi_451     1.0726024 0.7469137 0.0094126 0.0000000 0.5723667 0.7283482 
NZ_CP012196.1_1258          1.2325900 0.8052857 0.5701950 0.5723667 0.0000000 0.4170172 
Campyloabacter_freddy_951   1.3109811 1.0129182 0.7254777 0.7283482 0.4170172 0.0000000 
