6
NC_002163.1_457              0.0000000 0.2948975 0.2688315 0.2679703 0.2767035 0.2857588 
NC_009714.1_1519             0.2948975 0.0000000 0.1671918 0.1663901 0.1824323 0.1884997 
Campylobacter_stinkeris_1015 0.2688315 0.1671918 0.0000000 0.0007260 0.1378816 0.1461196 
Campylobacter_noahi_62       0.2679703 0.1663901 0.0007260 0.0000000 0.1370449 0.1452757 
NZ_CP012196.1_1578           0.2767035 0.1824323 0.1378816 0.1370449 0.0000000 0.0846386 
Campyloabacter_freddy_1071   0.2857588 0.1884997 0.1461196 0.1452757 0.0846386 0.0000000 
